11496
11541
11563
11577
11593
11611
11646
11652
11657
11672
11676
11709
11739
11754
11757
11782
11847
11848
11866
11909
11942
11995
12001
12009
12064
12066
12101
12116
12127
12130
12141
12144
12222
12277
12352
12457
12489
12506
12524
12574
12610
12645
12665
12672
12682
12698
12716
12719
12736
12746
12759
12786
12792
12891
12897
12901
12902
12915
12938
12959
12970
12988
13008
13022
13025
13056
13079
13106
13108
13161
13178
13182
13209
13246
13261
13295
13298
13333
13351
13374
13390
13419
13421
13428
13464
13486
13534
13538
13561
13577
13578
13584
13587
13713
13719
13753
13756
13780
13798
13898
13941
13952
13965
13968
14018
14060
14098
14107
14137
14160
14172
14175
14204
14216
14219
14220
14243
14267
14278
14318
14361
14374
14415
14425
14426
14488
14503
14516
14526
14531
14604
14606
14616
14734
14741
14760
14769
14878
14915
14928
14933
14954
15021
15094
15167
15191
15234
15282
15293
15294
15297
15314
15326
15371
15407
15423
15430
15441
15454
15458
15497
15532
15542
15577
15644
15645
15655
15695
15710
15714
15717
15729
15735
15745
15778
15780
15794
15813
15862
15867
15875
15894
15966
